0 0 0 9178.97
0 0 0 9179.17
0 0 0 9179.32
0 0 0 9179.52
0 0 0 9179.67
0 0 0 9179.87
0 0 0 9180.07
0 0 0 9180.22
0 0 0 9180.42
0 0 0 9180.57
0 0 0 9180.77
0 0 0 9180.92
0.00591666 -1.71675e-06 -0.00115478 9181.12
0.0122934 -8.48586e-06 -0.000631793 9181.27
0.0166208 3.73427e-05 0.00471554 9181.48
0.0151202 2.71125e-05 0.00389019 9181.63
0.0204477 3.27377e-05 0.00296837 9181.83
0.0203757 2.01194e-05 0.00149581 9182.03
0.0154252 -1.04864e-05 -0.00107326 9182.18
0.02027 -9.48671e-06 -0.000254439 9182.38
0.0149552 9.31461e-06 0.000411364 9182.53
0.0202857 -1.71493e-05 -0.00187641 9182.73
0.0154126 -2.20801e-05 -0.00243996 9182.88
0.0205391 -2.71544e-05 -0.00188283 9183.08
0.0152979 -3.36701e-06 -0.000443005 9183.23
0.0203572 -1.55098e-05 -0.00123276 9183.43
0.012776 4.09671e-06 0.000129634 9183.58
0.0201827 -3.55166e-05 -0.00298224 9183.78
0.0205304 2.35256e-05 0.00191661 9183.99
0.0153047 -1.08234e-06 -0.000428176 9184.14
0.0205314 1.87672e-06 0.000651034 9184.34
0.0151692 3.77747e-06 -0.000211947 9184.49
0.0202461 7.59908e-06 0.000863665 9184.69
0.0153773 -5.76076e-07 0.000211923 9184.84
0.020307 -3.28692e-06 -0.000427839 9185.04
0.01505 1.08918e-06 0.000427376 9185.19
0.0203176 9.38662e-06 0.000649974 9185.39
0.0152981 2.23287e-06 -0.000406606 9185.54
0.0203581 1.64717e-05 0.00172132 9185.74
0.0179441 -4.27744e-06 -0.00066961 9185.94
0.0149443 0 0 9186.09
0.0203343 -3.35905e-06 0.000240414 9186.29
0.0153283 5.64895e-06 0.00044353 9186.45
0.0204849 -1.71182e-05 -0.000593065 9186.65
0.0150312 6.74293e-06 0.000205549 9186.8
0.0203209 6.66923e-06 0.000262076 9187
0.0155412 -8.58324e-07 0.000477089 9187.15
0.0199335 -8.98638e-06 -0.00138379 9187.35
0.015284 -1.64303e-06 -0.000641275 9187.5
0.0205252 -1.04962e-06 0.000159295 9187.7
0.0152399 -1.2006e-05 -0.00129983 9187.85
0.0202483 8.41641e-07 0.000331313 9188.05
0.0178157 -7.57632e-06 -0.000733746 9188.25
0.0153501 5.44913e-06 0.000427362 9188.4
0.0204746 8.16695e-06 0.0010639 9188.6
0.0154039 -5.72381e-06 0.000401638 9188.75
0.0201033 -3.72618e-06 -0.00037695 9188.95
0.015291 -1.57007e-06 -0.000630018 9189.11
0.0203867 -5.17295e-06 -0.000411623 9189.31
0.0152312 -8.35364e-06 -0.00106889 9189.46
0.0200638 -1.389e-05 -0.000496853 9189.66
0.0153342 -9.30921e-06 -0.00106989 9189.81
0.0205769 2.94406e-06 0.000655787 9190.01
0.0152043 -4.13608e-06 -0.000829654 9190.16
0.0178899 5.40565e-06 0.000332209 9190.36
0.0188434 -5.1934e-06 -0.000519949 9190.56
0.00463689 1.14075e-05 0.00810803 9190.71
0.00127964 6.86507e-06 0.0107296 9190.91
0.000719623 2.17106e-06 0.00603387 9191.06
0.00089482 3.50922e-06 0.00838948 9191.26
0.00116128 6.1998e-06 0.0105785 9191.41
0.00109591 5.3885e-06 0.0100451 9191.62
0.000498025 1.75252e-06 0.00752945 9191.77
0.000132261 1.80398e-06 0.0167276 9191.97
0.000401785 3.65469e-06 0.0155997 9192.12
0.000829595 5.81293e-06 0.0162293 9192.32
-0.000375397 -3.22999e-06 0.0103405 9192.52
7.50531e-05 1.30878e-06 0.020898 9192.67
0.000297176 2.6671e-06 0.02116 9192.87
0.000353596 1.27729e-06 0.00893654 9193.02
-0.000565227 -6.34432e-06 0.0191438 9193.22
-0.000689797 -3.84713e-06 0.0137566 9193.37
-6.61364e-05 9.32596e-07 0.0215454 9193.57
0.000215525 -5.77442e-08 0.00719701 9193.72
0.00046152 2.70674e-06 0.0136049 9193.92
-0.000432218 -2.50744e-06 0.0126963 9194.08
0.000230884 3.1103e-06 0.018438 9194.28
-0.000188247 -2.4475e-06 0.00938583 9194.43
0.000269331 1.62859e-06 0.0134085 9194.63
-0.000397482 -3.46583e-06 0.011374 9194.78
0.000205659 1.36347e-06 0.0173681 9194.98
-0.000127946 -1.9931e-06 0.0129325 9195.18
-3.01694e-05 -9.2461e-07 0.008235 9195.33
-0.000448985 -3.9171e-06 0.0223214 9195.53
0.000509442 4.21231e-06 0.0165372 9195.68
4.33997e-05 -1.42499e-06 0.0151527 9195.88
-5.25667e-05 -3.8909e-06 0.0135362 9196.03
5.08224e-05 -3.05151e-07 0.0139261 9196.23
-0.000177619 -1.1359e-06 0.0175022 9196.38
1.98944e-05 -1.02147e-07 0.015966 9196.58
0.000302204 1.70447e-06 0.0103974 9196.73
-0.000636163 -4.1512e-06 0.0188119 9196.94
-0.000630651 -4.06621e-06 0.015397 9197.09
-0.000174798 -2.17321e-06 0.0179255 9197.29
3.58443e-07 3.95169e-07 0.0148105 9197.49
-7.7303e-05 -1.6319e-06 0.013087 9197.64
-0.000829109 -7.05599e-06 0.0183081 9197.84
0.000527623 2.83371e-06 0.0103431 9197.99
0.000497799 5.23786e-06 0.0216406 9198.19
-0.000553907 -4.33715e-06 0.0126869 9198.34
7.49472e-05 -1.00916e-06 0.0221421 9198.54
-0.000100042 -7.83009e-07 0.0153561 9198.69
0.000126771 2.52839e-07 0.00995881 9198.89
2.71788e-06 -3.98056e-06 0.0150986 9199.04
5.7814e-05 4.95238e-07 0.0198389 9199.24
0.000278469 2.8421e-06 0.0179872 9199.4
0.000176984 -9.10899e-07 0.0191386 9199.6
-0.000411022 -2.2889e-06 0.0107884 9199.75
0.000405236 3.41156e-06 0.0159544 9199.95
0.000177436 5.38645e-07 0.014225 9200.1
0.000646337 7.53421e-06 0.0181177 9200.3
-0.000501053 -4.46505e-06 0.0181886 9200.5
0.000230178 2.39544e-07 0.0116585 9200.65
1.76354e-05 2.61971e-06 0.0157836 9200.85
-0.000229423 -1.95213e-06 0.0105845 9201
-0.000151818 -1.65429e-06 0.0160512 9201.2
-7.09865e-05 -1.87324e-06 0.010345 9201.35
0.00020363 1.57633e-06 0.0224255 9201.55
-0.000221871 -1.1183e-06 0.00988989 9201.7
0.000356537 3.41755e-06 0.016552 9201.91
-0.000414525 -1.49051e-06 0.0116126 9202.06
-0.000324342 -1.0151e-06 0.0154771 9202.26
-0.000201112 -1.0224e-06 0.0105007 9202.41
-0.000277855 -1.63635e-06 0.0133258 9202.61
-5.18683e-05 -2.47968e-07 0.0105137 9202.76
-0.00010407 -1.26806e-06 0.024845 9202.96
0.000237582 2.49062e-06 0.0181048 9203.16
0.000278601 4.28073e-06 0.0154247 9203.31
0.000428121 1.61766e-06 0.0141597 9203.51
0.000405294 3.70357e-06 0.0164634 9203.66
-0.000150096 -8.4348e-07 0.0194652 9203.86
0.000702937 5.39581e-06 0.0134731 9204.01
0.000357615 2.73389e-06 0.0117964 9204.21
-0.000153447 -1.2373e-06 0.0106365 9204.36
0.000175937 1.86386e-06 0.0179395 9204.56
0.000379407 2.17815e-06 0.0111973 9204.72
-0.000170552 2.03547e-08 0.0103397 9204.92
-0.000277884 -2.68708e-06 0.0112505 9205.07
-0.000303977 -3.31837e-06 0.0210704 9205.27
7.64733e-05 1.72248e-06 0.0172111 9205.42
0.00050936 4.14894e-06 0.0122532 9205.62
-0.000127332 -2.15037e-06 0.0179875 9205.82
-7.66421e-05 -1.23421e-06 0.0200655 9205.97
0.000161648 2.33407e-07 0.0161234 9206.17
-3.10034e-05 -1.27615e-06 0.00781038 9206.32
-0.000226009 -1.37804e-06 0.0145178 9206.52
-1.97311e-08 1.01297e-06 0.00978645 9206.67
-0.000201587 -9.61884e-07 0.023167 9206.87
6.80993e-05 -7.11439e-07 0.0117958 9207.02
-0.000352901 -1.5639e-06 0.0105708 9207.22
-0.000106618 -1.98002e-07 0.0168722 9207.38
0 0 0.0211936 9207.58
0.000176029 2.82763e-07 0.00737895 9207.73
0.000599227 5.05745e-06 0.0137079 9207.93
0.000177424 2.29706e-06 0.0170585 9208.13
0 0 0.0182666 9208.28
-0.000129832 -1.58153e-07 0.0153893 9208.48
2.28638e-05 7.46998e-07 0.00988142 9208.63
-0.000277657 -1.39216e-06 0.0133027 9208.83
-0.000126526 -8.66078e-07 0.0192291 9208.98
0.000676245 4.03169e-06 0.0128741 9209.18
-0.000179312 -2.25062e-07 0.00560825 9209.33
0.000421996 3.62841e-06 0.0154084 9209.53
5.29812e-05 1.5572e-06 0.0197889 9209.68
8.77468e-05 3.62932e-06 0.0256397 9209.88
0.000223858 7.53333e-07 0.00710039 9210.04
0.000229891 1.00433e-06 0.013756 9210.24
-0.00013242 -1.40817e-06 0.0119836 9210.39
-5.18295e-05 -8.21007e-07 0.0242961 9210.59
-8.19208e-05 -1.23354e-06 0.00930268 9210.74
-7.43577e-05 -5.75051e-07 0.0120708 9210.94
0.0058806 1.30003e-05 0.00524776 9211.14
0.0124111 2.40716e-05 0.0048613 9211.29
0.0195303 4.53628e-05 0.00382218 9211.49
0.0152389 1.04641e-07 0.000855287 9211.64
0.0202574 8.82631e-06 2.20523e-05 9211.84
0.0155865 -1.77931e-06 -0.000667341 9211.99
0.0200617 -1.40997e-06 -0.000697155 9212.19
0.0149669 3.77324e-06 0.000214935 9212.34
0.0203482 -1.67757e-05 -0.00130857 9212.54
0.01262 -7.63973e-06 -0.000952042 9212.7
0.0201938 -5.20693e-06 -0.000845322 9212.9
0.0153555 5.44006e-06 0.000427313 9213.05
0.0202813 -5.98161e-06 0.000195784 9213.25
0.0201572 7.59127e-06 0.000434662 9213.45
0.0154893 -1.08204e-06 -0.000428118 9213.6
0.0202523 2.04746e-06 0.000420787 9213.8
0.0152444 0 0 9213.95
0.0203811 1.03443e-05 0.000633772 9214.15
0.0151036 -6.36581e-06 -0.000847249 9214.3
0.0203452 0 0 9214.5
0.0154258 -3.92893e-06 0.000205694 9214.65
0.0204559 9.69836e-06 0.000418316 9214.85
0.0126242 -4.88836e-06 -0.000642741 9215
0.0201788 7.68943e-06 0.000251873 9215.21
0.0152513 -1.06665e-06 -0.000427226 9215.36
0.0201717 3.18802e-06 0.00110169 9215.56
0.0154694 -3.04845e-06 -0.000683113 9215.71
0.0203339 1.57604e-05 0.00153038 9215.91
0.0153016 -3.21638e-06 -0.000437195 9216.06
0.0203831 4.75862e-06 0.000201112 9216.26
0.0202381 -6.56712e-06 -0.000863886 9216.46
0.0149676 -3.61421e-06 0.000218014 9216.61
0.0201974 7.68942e-06 0.000436374 9216.81
0.0153161 7.644e-06 0.000427833 9216.96
0.0177591 -6.24574e-06 -0.000616722 9217.16
0.0153354 4.68245e-06 0.000196571 9217.31
0.0205132 3.60982e-05 0.00274542 9217.51
0.0151248 4.73388e-06 0.00104858 9217.66
0.0201983 -3.09674e-06 -0.000399684 9217.87
0.0156146 3.31802e-06 0.000419501 9218.02
0.0199364 3.77374e-06 0.000812726 9218.22
0.0153497 2.76232e-06 0.00107345 9218.37
0.0203663 -1.98548e-06 1.8427e-05 9218.57
0.0152085 0 0 9218.72
0.0204006 1.20692e-05 0.00129108 9218.92
0.0152271 -8.01429e-06 -0.000630686 9219.07
0.0203804 -8.31673e-06 -0.00022348 9219.27
0.0152478 3.29855e-07 -0.00039664 9219.42
0.0180239 1.16568e-06 0.000444356 9219.62
0.0198837 -4.60311e-07 -0.000641761 9219.82
0.0152112 9.06256e-06 0.00104735 9219.97
0.0203954 -6.48837e-06 -0.000419807 9220.18
0.0154137 -4.32285e-06 -0.000838281 9220.33
0.0189861 -4.83676e-06 -0.000426849 9220.53
0.00449305 1.21267e-05 0.00646716 9220.68
0.00111114 5.17611e-06 0.00931671 9220.88
0.000654862 1.79788e-06 0.00549086 9221.03
0.00110984 5.16403e-06 0.00930583 9221.23
0.00132323 7.34077e-06 0.0110951 9221.38
0.000766847 2.7069e-06 0.00810965 9221.58
0.000398244 1.56882e-06 0.00675139 9221.73
0.000334936 -1.88545e-07 0.0188291 9221.93
-4.1213e-05 -3.26274e-06 0.0204573 9222.08
-0.000278319 -3.13474e-06 0.0187388 9222.28
0.000398578 2.35196e-06 0.0084241 9222.43
0.000226199 2.87399e-06 0.0125112 9222.63
0.000653004 5.06395e-06 0.0143242 9222.79
-0.000559071 -5.72304e-06 0.0190029 9222.99
0.000201917 2.44199e-06 0.0105571 9223.14
-5.0834e-05 9.97683e-08 0.0181416 9223.34
1.60556e-05 -5.73594e-06 0.0205146 9223.54
-0.000199821 -4.78712e-07 0.0112027 9223.69
-0.000463255 -3.18733e-07 0.0157489 9223.89
0.000249973 6.58781e-07 0.00753597 9224.04
0.000332326 2.65481e-06 0.0137615 9224.24
4.12615e-05 -1.12511e-07 0.0185425 9224.39
0.000334782 5.68037e-06 0.0187688 9224.59
-4.78251e-05 -7.94062e-07 0.0106422 9224.74
0.000813261 6.20588e-06 0.0197486 9224.94
0.00014718 1.01066e-06 0.0120394 9225.09
0.000255303 1.55335e-06 0.0130581 9225.29
9.77726e-05 2.70506e-08 0.00929193 9225.45
0.000242665 1.27529e-06 0.0128933 9225.65
7.50585e-05 1.18094e-07 0.00948583 9225.8
-4.79754e-05 3.01055e-07 0.0105345 9226
-0.00010395 -9.18406e-08 0.0109701 9226.15
0.000354726 3.79695e-06 0.0177589 9226.35
-0.000404694 -5.75229e-06 0.0198937 9226.55
-0.000227859 -2.45958e-07 0.0120918 9226.7
0.000148961 7.46793e-07 0.0151337 9226.9
0.000458906 1.46061e-06 0.0165728 9227.05
-8.84572e-05 -1.09807e-06 0.0163747 9227.25
0.000172593 1.46916e-07 0.0155453 9227.4
7.41405e-05 7.36195e-07 0.011168 9227.6
-1.45019e-05 1.57136e-06 0.0135635 9227.75
-0.000122573 -2.91053e-06 0.020878 9227.95
-0.000247988 -1.26296e-06 0.0140186 9228.11
0.000176772 1.96767e-06 0.0103213 9228.31
0.00047011 3.76568e-06 0.0094692 9228.46
-2.024e-06 7.84746e-07 0.0245572 9228.66
-0.00029631 -1.98861e-06 0.0114181 9228.81
-0.000487039 -3.76341e-06 0.0136811 9229.01
3.0619e-06 5.71547e-07 0.00801851 9229.16
0.000323232 9.37938e-07 0.0168957 9229.36
-0.000224986 -3.3984e-06 0.0168857 9229.51
0.000330609 -1.03967e-07 0.0137675 9229.71
0.000312299 1.26972e-06 0.00667407 9229.86
-0.000153214 -3.70127e-07 0.0129235 9230.06
0.000285315 3.12225e-06 0.0185945 9230.21
-0.00058007 -7.92203e-06 0.0176159 9230.41
-0.000103379 -1.54454e-06 0.0101695 9230.56
0.000423538 2.35348e-06 0.022381 9230.76
4.81785e-05 -7.17219e-07 0.0170624 9230.92
-7.8881e-05 -1.48118e-06 0.0171637 9231.12
-9.51018e-05 -6.9517e-07 0.0088551 9231.27
0.000308687 3.18715e-06 0.0171109 9231.47
2.53511e-05 7.91598e-07 0.0188851 9231.62
2.18768e-05 -6.538e-07 0.0145707 9231.82
0.000291017 -1.71517e-07 0.0108023 9231.97
0.000377072 2.14433e-06 0.0178821 9232.17
0.000356064 2.45182e-06 0.0168834 9232.32
-0.000154334 -2.85159e-06 0.0218802 9232.52
-0.000278289 -1.34548e-06 0.0103359 9232.72
-3.87587e-06 -1.29133e-06 0.0118968 9232.87
-0.000139244 -1.25329e-06 0.0115105 9233.02
-6.03009e-05 -2.86694e-06 0.0183697 9233.22
-0.000206411 -7.07984e-08 0.00887554 9233.37
-0.000226062 6.44497e-07 0.0154553 9233.58
-0.000180816 -3.94804e-07 0.00951807 9233.73
-0.000175303 -2.52029e-06 0.0150267 9233.93
-0.000228292 -2.0102e-06 0.00992128 9234.08
2.00844e-05 -1.23654e-06 0.0116062 9234.28
0.000561419 4.50501e-06 0.0144547 9234.43
0.000451731 2.69575e-06 0.0180866 9234.63
-0.000169157 7.30372e-08 0.0112175 9234.78
-0.000248088 -1.59399e-06 0.0152419 9234.98
0.000429925 4.26986e-06 0.0154044 9235.13
-0.000191467 -4.51533e-06 0.022679 9235.33
-0.000353252 -2.96313e-06 0.0114416 9235.48
7.45167e-05 1.02789e-06 0.0147333 9235.68
0.0001305 3.07119e-06 0.0139753 9235.83
-0.000351459 -4.01474e-06 0.0252945 9236.03
1.01271e-06 4.32939e-07 0.0135178 9236.18
0.000146863 2.75623e-06 0.0104402 9236.39
0.000250156 1.51033e-06 0.00868329 9236.54
0.000381436 5.73308e-06 0.0242275 9236.74
7.03855e-05 -7.56819e-07 0.0183174 9236.89
-0.000253589 -3.37787e-06 0.0185309 9237.09
0.000103483 1.30116e-06 0.0122618 9237.24
8.48842e-05 4.11116e-07 0.0157065 9237.44
-0.000200212 -1.69545e-06 0.0135088 9237.59
-1.26387e-05 9.15456e-07 0.0171192 9237.79
-0.000104937 6.96507e-07 0.00970764 9237.94
0.00026248 1.77667e-06 0.0176383 9238.14
0.000529376 4.05293e-06 0.0166734 9238.29
0.000105017 -8.84086e-07 0.016066 9238.49
7.15914e-05 -1.77671e-06 0.0114204 9238.64
0.000484561 2.55171e-06 0.017161 9238.84
-0.000226789 -1.17789e-06 0.0169005 9239
-0.000604339 -4.27231e-06 0.0172634 9239.2
-0.000137365 -3.25647e-07 0.0104399 9239.35
-0.000147242 -3.08326e-06 0.0160889 9239.55
-0.000527908 -4.13927e-06 0.0149466 9239.7
-0.000203313 -3.32203e-06 0.0173507 9239.9
0.000157171 1.04086e-06 0.016462 9240.05
-3.23396e-06 6.02756e-07 0.0117981 9240.25
0.000304843 1.7238e-06 0.0123055 9240.4
0.000380576 3.02694e-06 0.0204902 9240.6
-0.00020227 -8.82949e-07 0.00845262 9240.75
7.28575e-05 1.36788e-07 0.0112212 9240.95
0.00780998 5.58225e-05 0.0156676 9241.1
0.0172914 9.05114e-05 0.00888919 9241.3
0.0149996 2.67504e-05 0.00254461 9241.45
0.0176203 1.03587e-05 0.00104048 9241.66
0.0154202 -5.50388e-06 -0.000427653 9241.81
0.020632 -6.39098e-06 0.000134998 9242.01
0.0151426 0 0 9242.16
0.020448 -2.21937e-06 -0.000854258 9242.36
0.0154374 -8.68956e-06 -0.00242634 9242.51
0.0148774 -1.5957e-06 -0.000628851 9242.66
0.020471 5.39366e-06 0.0010083 9242.86
0.0153314 -7.16093e-06 -0.00021499 9243.01
0.0201727 1.08593e-05 0.00104276 9243.21
0.0153097 -2.25732e-06 -9.49364e-06 9243.36
0.0201914 2.64376e-06 0.00105016 9243.56
0.0153055 1.08491e-06 0.000426536 9243.71
0.0180777 -2.96147e-05 -0.00210926 9243.91
0.0149988 -5.08262e-06 -0.000402698 9244.07
0.0202292 1.46077e-05 0.00106984 9244.27
0.0151524 -3.32201e-06 -0.000438519 9244.42
0.0201818 -1.05801e-05 -0.00107996 9244.62
0.015191 -6.3766e-06 2.49767e-05 9244.77
0.0204425 2.05575e-05 0.00211628 9244.97
0.0154037 7.71699e-06 1.86437e-05 9245.12
0.0202515 5.28377e-06 0.000419241 9245.32
0.0152931 -6.4609e-06 8.36721e-06 9245.47
0.0203545 -1.31931e-05 -0.000873194 9245.67
0.0153566 -9.87799e-06 -0.00128454 9245.82
0.0201571 3.29644e-06 0.000428127 9246.02
0.0128061 5.74358e-07 0.000521362 9246.17
0.0204531 1.08909e-05 0.000854695 9246.37
0.0151454 1.36429e-05 0.000930511 9246.53
0.0202271 5.74398e-06 0.000630834 9246.73
0.0153024 -6.44801e-06 -0.00127038 9246.88
0.0202761 2.2489e-06 0.000855343 9247.08
0.015333 -4.92296e-06 -0.00106936 9247.23
0.0204543 -5.41709e-06 0.00042703 9247.43
0.0151489 -5.26886e-06 -0.000418981 9247.58
0.0202328 9.30631e-06 0.00107793 9247.78
0.0154458 0 0 9247.93
0.0203823 -2.01241e-05 -0.00253771 9248.13
0.0128518 -6.88046e-06 -0.00107331 9248.28
0.0203479 2.23684e-06 0.000857614 9248.48
0.0151146 4.74438e-06 0.000629395 9248.63
0.0203747 -2.32575e-05 -0.00191089 9248.83
0.0150979 -9.77058e-07 -0.000402772 9248.98
0.0201468 -7.5606e-06 -0.000427827 9249.19
0.0151521 0 0 9249.34
0.0206177 -1.98922e-06 0.000135092 9249.54
0.0153015 1.20571e-05 0.00128838 9249.69
0.0203087 7.61256e-06 0.000428842 9249.89
0.0155977 -5.56224e-06 -0.000427015 9250.04
0.0200557 1.7941e-05 0.00168621 9250.24
0.0152567 4.24875e-06 -9.72986e-06 9250.39
0.0119621 -1.55649e-07 0.000396089 9250.59
0.00233489 1.14695e-05 0.0128693 9250.74
0.000740965 2.30175e-06 0.00621282 9250.94
0.000500147 1.04871e-06 0.00419361 9251.09
0.00118704 5.90747e-06 0.00995318 9251.29
0.000921209 4.17088e-06 0.00857879 9251.44
0.000320876 8.71617e-07 0.00604354 9251.65
0.000359343 5.17155e-07 0.00847929 9251.8
0.000490082 3.80321e-06 0.0117936 9252
0.000797527 5.56522e-06 0.0119406 9252.15
-0.000400034 -2.18678e-06 0.0125824 9252.3
-0.000844913 -9.26565e-06 0.0201996 9252.5
-1.59805e-05 -1.10778e-07 0.0110456 9252.65
0.000401394 1.27578e-06 0.0198335 9252.85
0.000404167 1.41136e-06 0.0105399 9253
-0.000754242 -7.26642e-06 0.0181831 9253.2
-0.000126334 -1.09848e-06 0.0136978 9253.35
0.000680531 5.76989e-06 0.0200042 9253.55
-0.00048737 -1.58101e-06 0.012004 9253.7
-0.000408023 3.77115e-07 0.0210472 9253.9
0.000406996 2.49726e-06 0.0172887 9254.06
0.000270027 4.85253e-06 0.0172363 9254.26
-0.000629294 -3.62467e-06 0.013295 9254.41
-0.00044872 -4.97736e-06 0.0189887 9254.61
0.000408668 1.57457e-06 0.0172146 9254.76
0.00039795 4.45852e-06 0.02167 9254.96
-0.000453394 -3.52015e-06 0.0122767 9255.11
-0.000370705 -4.89872e-06 0.0197033 9255.31
0.000324775 2.99332e-06 0.0114818 9255.46
-0.000378731 -1.67403e-06 0.0150663 9255.66
2.61033e-05 5.68422e-07 0.0120147 9255.81
-0.000414943 -1.72957e-06 0.0162709 9256.01
-9.69811e-07 3.24241e-07 0.0117997 9256.16
0.000150725 6.44216e-07 0.0181268 9256.36
0.000669628 4.05483e-06 0.0142426 9256.51
0.000276083 2.14308e-06 0.0159294 9256.72
5.45256e-05 1.31959e-06 0.0122202 9256.87
0.00013977 2.13611e-06 0.0166794 9257.07
0.000713485 4.18076e-06 0.0138258 9257.22
-0.000413308 -5.22932e-06 0.0159121 9257.42
0.000302066 2.34187e-06 0.0135265 9257.57
0.000122365 1.74986e-06 0.0129679 9257.72
-0.000206981 -3.0124e-06 0.0165282 9257.92
-0.000154197 -3.56281e-08 0.010535 9258.07
0.000224223 1.71976e-06 0.013805 9258.27
0.000219964 3.45075e-06 0.0129642 9258.42
0.000407968 4.25905e-06 0.0219838 9258.62
0.000299837 2.37594e-06 0.018022 9258.77
-0.000404664 -1.92099e-06 0.0182041 9258.97
-7.45337e-05 -1.59384e-06 0.0145868 9259.12
-0.000165143 -6.88731e-07 0.0148589 9259.33
0.000103168 -1.42458e-07 0.0130584 9259.48
-2.13192e-05 -3.03336e-06 0.0188186 9259.68
-0.000249647 -1.12366e-06 0.0100852 9259.83
0.000398365 5.66676e-06 0.0196865 9260.03
4.57004e-05 -4.20092e-07 0.0150064 9260.18
-2.87792e-05 -1.96573e-06 0.0132868 9260.38
0.000362687 2.98858e-06 0.0146119 9260.53
-0.000289098 -2.62502e-06 0.0149586 9260.73
0.000458452 3.56221e-06 0.0148227 9260.88
0.000559003 4.66434e-06 0.0216133 9261.08
-0.00058903 -3.30365e-06 0.0120451 9261.23
0.000208916 1.19834e-06 0.0185366 9261.43
0.000279148 2.59656e-06 0.0153682 9261.58
-0.000554604 -6.45131e-06 0.0165009 9261.79
-5.24674e-05 -7.92213e-07 0.0131356 9261.94
-7.74464e-05 3.61255e-07 0.0141383 9262.14
0.00063205 3.48854e-06 0.0141364 9262.29
0.000199224 -1.42093e-06 0.016887 9262.44
-0.00050691 -3.58197e-06 0.0177875 9262.64
7.73322e-05 2.44177e-07 0.0115928 9262.79
-0.000353561 -3.80504e-06 0.013494 9262.99
0.000406655 3.34891e-06 0.0119014 9263.14
-0.00042591 -3.49054e-06 0.0191933 9263.34
-0.000278478 -1.69982e-06 0.011185 9263.49
0.000149842 2.58017e-06 0.0159413 9263.69
0.000102375 2.67668e-06 0.0118883 9263.84
-0.000152785 -1.64911e-06 0.0145878 9264.04
-0.00011858 7.54534e-07 0.0132513 9264.19
0.000237248 3.84979e-06 0.021432 9264.39
